0 0.12740384615384615 0.20432692307692307 0.22415865384615385 0.4074519230769231
0 0.9711538461538461 0.7391826923076923 0.052884615384615384 0.19951923076923078
0 0.9603365384615384 0.8173076923076923 0.07451923076923077 0.36538461538461536
0 0.9182692307692307 0.7872596153846154 0.15865384615384615 0.4254807692307692
0 0.9038461538461539 0.27884615384615385 0.09495192307692307 0.3233173076923077
0 0.8822115384615384 0.8197115384615384 0.05588942307692308 0.3563701923076923
0 0.8617788461538461 0.2800480769230769 0.06850961538461539 0.3161057692307692
0 0.8329326923076923 0.8257211538461539 0.09735576923076923 0.3449519230769231
0 0.8161057692307693 0.27884615384615385 0.11598557692307693 0.3329326923076923
0 0.7860576923076923 0.8161057692307693 0.09555288461538461 0.3623798076923077
0 0.75 0.2824519230769231 0.038461538461538464 0.34314903846153844
0 0.7103365384615384 0.28125 0.05048076923076923 0.32632211538461536
0 0.6814903846153846 0.2920673076923077 0.056490384615384616 0.3016826923076923
0 0.6454326923076923 0.7992788461538461 0.06971153846153846 0.3942307692307692
0 0.640625 0.2776442307692308 0.06370192307692307 0.328125
0 0.609375 0.8028846153846154 0.06850961538461539 0.39122596153846156
0 0.6081730769230769 0.2668269230769231 0.026442307692307692 0.34615384615384615
0 0.5673076923076923 0.26802884615384615 0.046274038461538464 0.3245192307692308
0 0.5625 0.7932692307692307 0.07572115384615384 0.40564903846153844
0 0.5420673076923077 0.2764423076923077 0.10036057692307693 0.296875
0 0.5240384615384616 0.7944711538461539 0.061899038461538464 0.3864182692307692
0 0.5036057692307693 0.2704326923076923 0.05588942307692308 0.31850961538461536
0 0.4735576923076923 0.7956730769230769 0.11177884615384616 0.390625
0 0.42427884615384615 0.21514423076923078 0.1310096153846154 0.3762019230769231
0 0.4254807692307692 0.7932692307692307 0.043870192307692304 0.4092548076923077
0 0.38100961538461536 0.7956730769230769 0.12319711538461539 0.39122596153846156
0 0.38461538461538464 0.2247596153846154 0.10036057692307693 0.3629807692307692
0 0.3473557692307692 0.203125 0.07391826923076923 0.38341346153846156
0 0.3317307692307692 0.7956730769230769 0.13521634615384615 0.4014423076923077
0 0.31009615384615385 0.21754807692307693 0.05048076923076923 0.36778846153846156
0 0.2860576923076923 0.7956730769230769 0.13762019230769232 0.3996394230769231
0 0.2764423076923077 0.21754807692307693 0.08173076923076923 0.38882211538461536
0 0.234375 0.8389423076923077 0.12379807692307693 0.3155048076923077
0 0.24278846153846154 0.21634615384615385 0.10336538461538461 0.34194711538461536
0 0.20432692307692307 0.22115384615384615 0.1123798076923077 0.35096153846153844
0 0.16947115384615385 0.21514423076923078 0.033052884615384616 0.3894230769230769
0 0.1346153846153846 0.2091346153846154 0.1201923076923077 0.3623798076923077
0 0.09735576923076923 0.20432692307692307 0.1063701923076923 0.37319711538461536
0 0.0625 0.20192307692307693 0.06610576923076923 0.3707932692307692