0 0.13701923076923078 0.2091346153846154 0.2692307692307692 0.4182692307692308
0 0.9759615384615384 0.7391826923076923 0.04326923076923077 0.20432692307692307
0 0.953125 0.8173076923076923 0.0889423076923077 0.3605769230769231
0 0.9338942307692307 0.7860576923076923 0.12620192307692307 0.42728365384615385
0 0.9038461538461539 0.27884615384615385 0.06610576923076923 0.328125
0 0.8822115384615384 0.8197115384615384 0.09555288461538461 0.3551682692307692
0 0.8617788461538461 0.2800480769230769 0.10096153846153846 0.3076923076923077
0 0.8329326923076923 0.8257211538461539 0.05048076923076923 0.34615384615384615
0 0.8161057692307693 0.27884615384615385 0.0907451923076923 0.3425480769230769
0 0.7860576923076923 0.8161057692307693 0.049879807692307696 0.3635817307692308
0 0.75 0.2824519230769231 0.08653846153846154 0.3347355769230769
0 0.7103365384615384 0.28125 0.08052884615384616 0.3215144230769231
0 0.6814903846153846 0.2920673076923077 0.07692307692307693 0.2980769230769231
0 0.6454326923076923 0.7992788461538461 0.07932692307692307 0.39302884615384615
0 0.640625 0.2776442307692308 0.09495192307692307 0.31850961538461536
0 0.609375 0.8028846153846154 0.042067307692307696 0.3936298076923077
0 0.6081730769230769 0.2668269230769231 0.10817307692307693 0.328125
0 0.5673076923076923 0.26802884615384615 0.03545673076923077 0.3245192307692308
0 0.5625 0.7932692307692307 0.109375 0.3972355769230769
0 0.5420673076923077 0.2764423076923077 0.08713942307692307 0.3016826923076923
0 0.5240384615384616 0.7944711538461539 0.12079326923076923 0.36959134615384615
0 0.5036057692307693 0.2704326923076923 0.03064903846153846 0.31971153846153844
0 0.4735576923076923 0.7956730769230769 0.10576923076923077 0.39302884615384615
0 0.42427884615384615 0.21514423076923078 0.1141826923076923 0.38221153846153844
0 0.4254807692307692 0.7932692307692307 0.043870192307692304 0.4092548076923077
0 0.38100961538461536 0.7956730769230769 0.12920673076923078 0.38882211538461536
0 0.38461538461538464 0.2247596153846154 0.05829326923076923 0.3713942307692308
0 0.3473557692307692 0.203125 0.11117788461538461 0.375
0 0.3317307692307692 0.7956730769230769 0.12560096153846154 0.40384615384615385
0 0.31009615384615385 0.21754807692307693 0.11057692307692307 0.35697115384615385
0 0.2860576923076923 0.7956730769230769 0.1063701923076923 0.40564903846153844
0 0.2764423076923077 0.21754807692307693 0.06850961538461539 0.39002403846153844
0 0.234375 0.8389423076923077 0.11177884615384616 0.31790865384615385
0 0.24278846153846154 0.21634615384615385 0.09254807692307693 0.3467548076923077
0 0.20432692307692307 0.22115384615384615 0.03545673076923077 0.36658653846153844
0 0.16947115384615385 0.21514423076923078 0.10757211538461539 0.3786057692307692
0 0.1346153846153846 0.2091346153846154 0.10576923076923077 0.3671875
0 0.09735576923076923 0.20432692307692307 0.12319711538461539 0.3671875
0 0.0625 0.20192307692307693 0.10576923076923077 0.3635817307692308