0 0.8641826923076923 0.2091346153846154 0.2668269230769231 0.4182692307692308
0 0.021634615384615384 0.7391826923076923 0.04326923076923077 0.20432692307692307
0 0.04807692307692308 0.8161057692307693 0.09615384615384616 0.35336538461538464
0 0.08052884615384616 0.7860576923076923 0.16105769230769232 0.4230769230769231
0 0.09615384615384616 0.27884615384615385 0.04927884615384615 0.328125
0 0.11778846153846154 0.8197115384615384 0.0655048076923077 0.35757211538461536
0 0.13822115384615385 0.2800480769230769 0.07091346153846154 0.3161057692307692
0 0.16706730769230768 0.8257211538461539 0.04807692307692308 0.34615384615384615
0 0.18389423076923078 0.27884615384615385 0.09555288461538461 0.3401442307692308
0 0.21394230769230768 0.8161057692307693 0.11358173076923077 0.35877403846153844
0 0.25 0.2824519230769231 0.08173076923076923 0.3359375
0 0.28966346153846156 0.28125 0.08052884615384616 0.3215144230769231
0 0.31850961538461536 0.2920673076923077 0.07692307692307693 0.2980769230769231
0 0.3545673076923077 0.7992788461538461 0.06610576923076923 0.3954326923076923
0 0.359375 0.2776442307692308 0.04447115384615385 0.33052884615384615
0 0.390625 0.8028846153846154 0.09735576923076923 0.38521634615384615
0 0.3918269230769231 0.2668269230769231 0.02403846153846154 0.34615384615384615
0 0.4326923076923077 0.26802884615384615 0.0655048076923077 0.3233173076923077
0 0.4375 0.7932692307692307 0.0829326923076923 0.40444711538461536
0 0.4579326923076923 0.2764423076923077 0.03064903846153846 0.3076923076923077
0 0.47596153846153844 0.7944711538461539 0.0967548076923077 0.3792067307692308
0 0.4963942307692308 0.2704326923076923 0.04146634615384615 0.31971153846153844
0 0.5264423076923077 0.7956730769230769 0.06610576923076923 0.4026442307692308
0 0.5757211538461539 0.21514423076923078 0.07572115384615384 0.3894230769230769
0 0.5745192307692307 0.7932692307692307 0.1219951923076923 0.3972355769230769
0 0.6189903846153846 0.7956730769230769 0.07752403846153846 0.4032451923076923
0 0.6153846153846154 0.2247596153846154 0.10877403846153846 0.359375
0 0.6526442307692307 0.203125 0.08713942307692307 0.38100961538461536
0 0.6682692307692307 0.7956730769230769 0.10997596153846154 0.4074519230769231
0 0.6899038461538461 0.21754807692307693 0.12139423076923077 0.35216346153846156
0 0.7139423076923077 0.7956730769230769 0.14122596153846154 0.3996394230769231
0 0.7235576923076923 0.21754807692307693 0.1045673076923077 0.3828125
0 0.765625 0.8389423076923077 0.12139423076923077 0.3155048076923077
0 0.7572115384615384 0.21634615384615385 0.026442307692307692 0.3563701923076923
0 0.7956730769230769 0.22115384615384615 0.08713942307692307 0.3605769230769231
0 0.8305288461538461 0.21514423076923078 0.09915865384615384 0.38100961538461536
0 0.8653846153846154 0.2091346153846154 0.11177884615384616 0.3659855769230769
0 0.9026442307692307 0.20432692307692307 0.07271634615384616 0.3792067307692308
0 0.9375 0.20192307692307693 0.0733173076923077 0.3707932692307692