0.0009951591491699219
2.9081785678863525
3.151148557662964
3.1013622283935547
3.346433639526367
3.290860414505005
3.2683374881744385
3.391258955001831
3.2608020305633545
3.284057855606079
3.2455124855041504
3.342970132827759
3.2719757556915283
3.302351713180542
3.282850503921509
3.311628580093384
3.303431749343872
3.302013397216797
3.2930636405944824
3.251836061477661
3.3308470249176025
3.326317310333252
3.2899563312530518
3.305835008621216
3.2967631816864014
3.343082904815674
3.2610998153686523
3.3116791248321533
3.3567352294921875
3.292609453201294
3.332720994949341
3.312077522277832
3.3424649238586426
3.3085200786590576
3.3544986248016357
3.2843918800354004
3.289400815963745
3.3461544513702393
3.385568380355835
3.4051883220672607
3.3511452674865723
3.347452163696289
3.3509323596954346
3.3894052505493164
3.3329458236694336
3.3686845302581787
3.403693199157715
3.3276407718658447
3.352273464202881
3.361236095428467
3.368201971054077
3.3595964908599854
3.369368314743042
3.34150767326355
3.339376926422119
3.369894027709961
3.378805637359619
3.3232240676879883
3.2971818447113037
3.3426389694213867
3.3182976245880127
3.3442230224609375
3.315183401107788
3.343785285949707
3.3519155979156494
3.3557729721069336
3.370508909225464
3.5205721855163574
3.4334235191345215
3.4966413974761963
3.4412572383880615
3.5359911918640137
3.3553574085235596
3.355398416519165
3.3974153995513916
3.330864667892456
3.3425850868225098
3.347539186477661
3.345503807067871
3.479006767272949
3.42329740524292
3.4022204875946045
3.4663753509521484
3.298379898071289
3.3584861755371094
3.3459320068359375
